3
2
-1
2
0
0
3216
0
1688
0
0
0
100
0
0
0
0
0
1
1
0
0
0
0
0
0
0
-3
0
0
0
0
0
0
0
0
0
0
0
0
0
0
0
0
0
0
0
0
-7
-5
0
0
0
0
0
-1
1
2
0
0
0
0
1
2
50
0
500
50
30
5
2000
10
5
1000
10
0
0
0
0
0
1
1
1
1
1
0
500
32
0
0
0
10
40
40
0
0
300
0
0
0
30
0
0
10
1
30
30
0
0
0
0
0
100
100
1000
1500
2000
-2000
-1500
-1000
-500
0
0
0
0
0
0
0
0
0
0
0
100
20
6180
1000
100
1000
100
2000
50
2000
50
-1
0
0
50
50
2000
0
30
4000
0
30
0
0
0
0
0
0
0
500
500
100
100
5000
0
0
0
6180
1000
100
3000
0
3000
3000
4
4
10
2
1
1000
0
0
100
100
0
0
3600
3
0
0
50
300
3000
100
50
0
0
0
500
3000
149
14
0
0
-1
-1
1000
120
2
0
2000
900
500
85
0
100
0
0
200
50
12
4500
1000
10
1
500
0
2000
0
0
0
0
2
14
44
2
0
0
0
96
2
250
2
1
-2
37
50
10
10000
0
0
0
0
0
500
1000
2000
-500
-1000
-2000
10
10
10
10
10
10
0
0
0
0
1
100
0
10
15
0
0
0
0
0
0
0
0
0
0
0
1430
-4
3
3000
75
215
208
24
645
1000
-1
4600
-2
4600
-2
100
0
0
0
2500
0
4
0
0
150
30
90
270
210
330
0
0
600
100
-3581
5
5
100
0
1
180
1
1
0
0
0
0
-6055
6180
300
1500
990
0
0
0
0
2000
1
850
800
0
330
0
0
10
149
14
0
0
-8
1
0
-1
610
30
5
60
200
0
0
1301
1301
1301
1301
1301
2510
2510
1301
0
0
0
21930
16004
0
0
0
0
13071
0
0
0
0
0
0
0
0
0
0
0
0
0
0
0
0
0
0
0
0
0
0
0
0
0
0
0
0
0
0
0
500
0
0
0
300
30
0
0
1000
2000
0
1000
0
0
0
0
0
0
0
0
0
0
0
0
0
0
0
0
0
0
0
1
0
0
100
0
0
5000
0
0
-16
0
1
0
60
400
0
0
0
0
0
0
0
0
0
0
0
0
0
0
0
0
0
1
2
3
4
0
0
0
0
0
0
0
0
0
0
0
0
21930
1
0
0
0
0
0
0
0
0
0
0
0
0
0
0
