3
2
-1
2
0
0
3117
0
1688
0
0
0
100
0
0
0
0
0
1
1
0
0
0
0
0
0
0
-3
0
0
0
0
0
0
0
0
0
0
0
0
0
0
0
0
0
0
0
0
-7
-5
0
0
10
0
0
-1
1
2
0
0
0
0
1
2
50
0
500
50
30
5
2000
10
5
1000
10
0
0
0
0
0
1
1
1
1
1
0
500
32
0
0
0
10
40
40
0
0
300
0
0
0
30
0
0
10
1
30
30
0
0
0
0
0
100
500
1000
1500
2000
-2000
-1500
-1000
-500
0
0
0
0
0
0
0
0
0
0
0
100
20
6180
700
150
1000
100
2000
50
2000
50
-1
0
0
50
50
2000
0
30
4000
0
30
0
0
0
0
0
0
0
500
500
100
100
5000
0
0
0
6180
1000
100
3000
0
3000
3000
4
4
10
2
1
1000
0
0
100
100
0
0
1000
0
0
0
50
300
3000
100
50
0
0
0
500
3000
149
14
0
0
-1
-1
1000
120
2
0
2000
900
200
85
0
100
0
0
150
50
12
4500
1000
10
1
500
0
2000
0
0
0
0
44
30
29
2
0
0
0
96
5
250
5
1
-2
37
50
0
10000
0
0
0
0
0
500
1000
2000
-500
-1000
-2000
10
10
10
10
10
10
0
0
0
0
1
100
0
10
15
0
0
0
0
0
0
0
0
0
0
0
1320
-3
3
3000
40
128
180
13
320
1380
0
5510
-3
5510
-3
100
0
0
0
2500
0
4
0
0
150
30
90
270
210
330
0
0
600
100
-3581
5
5
100
0
1
180
1
1
0
0
0
0
-6055
6180
480
400
990
0
0
0
0
2000
1
850
800
0
330
0
0
10
149
14
0
0
-8
1
0
-1
610
30
10
60
200
0
0
1301
1301
1301
1301
1301
1301
1301
1301
0
0
0
21930
16001
0
0
0
0
13071
0
0
0
0
0
0
0
0
0
0
0
0
0
0
0
0
0
0
0
0
0
0
0
0
0
0
0
0
0
0
0
500
0
0
0
300
30
0
0
1000
2000
0
1000
0
0
0
0
0
0
0
0
0
0
0
0
0
0
0
0
0
0
0
0
0
0
100
0
2
5000
0
0
0
0
0
0
0
0
0
0
0
0
0
0
0
0
0
0
0
0
0
0
0
0
0
1
2
3
4
0
0
0
0
0
0
0
0
0
0
0
0
21930
1
0
0
0
0
0
0
0
0
0
0
0
0
0
0
