128
500
3
0
516
254
2047
254
2047
254
2047
254
2047
254
2047
254
2047
254
2047
254
1
1627324448
0
0
0
0
0
0
0
0
0
0
0
0
0
0
0
0
0
0
0
0
0
0
0
0
0
0
0
0
0
0
0
0
0
0
0
0
0
0
0
0
0
0
0
0
0
0
0
0
0
0
0
0
0
0
0
0
0
0
0
0
0
0
0
0
0
0
0
0
0
0
388
254
15
644
254
15
2047
254
0
2047
254
0
2047
254
0
2047
254
0
2047
254
0
2047
254
0
3
1614872592
1618477072
1617100832
0
0
0
0
0
1
1617690656
0
0
0
0
0
0
0
0
0
0
0
0
0
0
0
0
0
0
0
0
0
0
0
0
0
0
0
0
0
0
0
0
0
0
0
0
0
0
0
0
0
0
0
0
0
0
0
0
0
0
0
0
0
0
0
0
0
0
0
0
0
-1
0
0
0
0
0
0
0
-1
1
2
1
2
16
0
-1
1
0
0
0
0
0
0
0
0
252
253
47
0
0
0
0
0
0
0
0
10
0
0
0
0
1617100832
0
1
250
500
0
0
0
213
43
128
384
299
469
256
0
0
0
-1
100
2
1000
100
2
1000
100
2
1000
1
5
0
0
5
0
0
0
0
0
1000
1000
8192
0
0
1000
1000
1
3
600
10
-1
1000
1000
1000
1000
1000
1000
1000
1000
1000
1000
1000
1000
1000
1000
0
1
10
-1025
0
-3585
63
50
270
540
-1
0
2
0
0
0
0
-1
-1
-1
1
0
0
0
1
0
10000
10
10
1351
0
0
0
0
7099733
16393
16393
-31072
0
-32768
273066
0
721
0
8192
500
2000
355
5
2499
39
10
376
512
0
0
60
909
150
0
250
2
45
0
7
0
0
-1
1
27306
1000
1000
0
2763
64
128
64
10
1
-1
-1
2500
256
32767
1
1
0
0
13900
48
10000
10000
3
1
432
1000
141
250
360
8
4
113
13
44
2250
150
1
1500
1
0
16
73
0
1
0
8
-1
0
