128
1000
3
0
517
254
773
254
1025
254
1281
254
2047
254
2047
254
2047
254
2047
254
1
1627324448
0
0
0
0
0
0
0
0
0
0
0
0
0
0
0
0
0
0
0
0
0
0
0
0
0
0
0
0
0
0
0
0
0
0
0
0
0
0
0
0
0
0
0
0
0
0
0
0
0
0
0
0
0
0
0
0
0
0
0
0
0
0
0
0
0
0
0
0
0
0
389
254
10
645
254
10
897
254
20
1153
254
20
2047
254
20
2047
254
20
2047
254
20
2047
254
20
3
1614872592
1618477072
1617100832
0
0
0
0
0
1
1617690656
0
0
0
0
0
0
0
0
0
0
0
0
0
0
0
0
0
0
0
0
0
0
0
0
0
0
0
0
0
0
0
0
0
0
0
0
0
0
0
0
0
0
0
0
0
0
0
0
0
0
0
0
0
0
0
0
0
0
0
0
0
-1
0
0
0
0
0
0
0
-1
1
1
1
2
16
0
-1
1
80000
0
0
0
-21846
-21846
0
0
252
253
47
0
0
0
0
0
0
0
0
10
0
1618477072
1618411536
0
0
0
400
250
1000
0
0
0
213
43
128
384
299
469
256
0
0
0
-1
100
2
1000
100
2
1000
100
2
1000
1
5
0
0
5
0
0
0
0
0
1000
1000
8192
0
0
1000
1000
1
2
600
10
-1
1000
1000
1000
1000
1000
1000
1000
1000
1000
1000
1000
1000
1000
1000
0
1
10
-1025
0
-3585
63
50
270
540
-1
0
2
0
0
0
0
-1
-1
-1
1
0
0
0
1
0
10000
100
10
577
12000
0
0
1
-21846
8192
1638
-31072
239
-32768
-21846
0
273
0
8192
500
2000
300
5
2916
6
10
430
1952
0
0
60
909
150
0
160
1
45
0
7
0
16
-1
0
27306
1000
1000
0
5789
64
128
64
10
1
-1
-1
1000
256
32767
1
1
0
0
22616
16
10000
0
50
0
546
1000
180
20
141
14
1
424
13
400
2250
150
1
1000
1
0
16
73
0
1
0
8
-1
0
