128
1000
3
0
517
254
204
24
204
254
204
254
247
254
2047
24
2047
254
2047
254
1
1627324448
0
0
0
0
0
0
0
0
0
0
0
0
0
0
0
0
0
0
0
0
0
0
0
0
0
0
0
0
0
0
0
0
0
0
0
0
0
0
0
0
0
0
0
0
0
0
0
0
0
0
0
0
0
0
0
0
0
0
0
0
0
0
0
0
0
0
0
0
0
0
389
254
15
645
254
15
2047
254
0
2047
254
0
2047
254
0
2047
254
0
2047
254
0
2047
254
0
3
1614872592
1618477072
1617100832
0
0
0
0
0
1
1617690656
0
0
0
0
0
0
0
0
0
0
0
0
0
0
0
0
0
0
0
0
0
0
0
0
0
0
0
0
0
0
0
0
0
0
0
0
0
0
0
0
0
0
0
0
0
0
0
0
0
0
0
0
0
0
0
0
0
0
0
0
0
-1
0
0
0
0
0
0
0
-1
1
2
1
2
16
0
-1
1
0
0
0
0
0
0
0
0
252
253
47
0
0
0
0
0
0
0
0
10
1626740496
1626936848
0
0
0
1617100832
1
250
500
0
0
0
213
43
128
384
299
469
256
0
0
0
-1
100
2
1000
100
2
1000
100
2
1000
1
5
0
0
5
0
0
0
0
0
1000
1000
8192
0
0
1000
1000
1
3
600
10
-1
1000
1000
1000
1000
1000
1000
1000
1000
1000
1000
1000
1000
1000
1000
0
1
10
-1025
0
-3585
63
50
270
540
-1
0
2
0
0
0
0
-1
-1
-1
1
0
0
0
1
0
10000
10
10
1638
0
0
0
0
13653333
16393
16393
-31072
0
-32768
273066
0
409
0
8192
500
2000
300
5
1562
9
10
603
416
0
0
60
909
150
0
350
2
45
0
7
0
15
-1
1
27306
1000
1000
0
5263
64
128
64
10
1
-1
-1
3500
256
32767
1
1
0
0
14668
48
10000
10000
3
1
930
1000
303
250
820
5
1
95
13
280
2250
150
1
1500
0
0
16
73
0
1
0
8
-1
0
